# Created by Octave 4.2.2, Thu Mar 22 16:19:58 2018 GMT <unknown@unknown>
# name: J_history
# type: matrix
# rows: 400
# columns: 1
 64300749594.56595
 63036794964.81969
 61799111840.65742
 60587140419.70562
 59400333187.44641
 58238154637.67974
 57100080999.61124
 55985599971.40147
 54894210460.01703
 53825422327.22773
 52778756141.59797
 51753742936.32477
 50749923972.77846
 49766850509.60564
 48804083577.2577
 47861193757.81186
 46937760969.95513
 46033374259.0044
 45147631591.83965
 44280139656.63039
 43430513667.23803
 42598377172.1805
 41783361868.04774
 40985107417.26006
 40203261270.06359
 39437478490.66026
 38687421587.3718
 37952760346.74028
 37233171671.4699
 36528339422.11711
 35837954262.43886
 35161713508.31037
 34499320980.12703
 33850486858.60601
 33214927543.90629
 32592365517.98744
 31982529210.12914
 31385152865.53635
 30799976416.95573
 30226745359.23163
 29665210626.73157
 29115128473.57247
 28576260356.5814
 28048372820.92514
 27531237388.34581
 27024630447.94033
 26528333149.42326
 26042131298.81458
 25565815256.49479
 25099179837.57125
 24642024214.50163
 24194151821.92068
 23755370263.61888
 23325491221.622
 22904330367.32241
 22491707274.61375
 22087445334.98217
 21691371674.50809
 21303317072.73394
 20923115883.35404
 20550605956.6843
 20185628563.86996
 19828028322.79102
 19477653125.62582
 19134354068.03404
 18797985379.92172
 18468404357.7514
 18145471298.36164
 17829049434.26082
 17519004870.3614
 17215206522.12098
 16917526055.05783
 16625837825.60941
 16340018823.30235
 16059948614.20439
 15785509285.62826
 15516585392.05897
 15253063902.27644
 14994834147.64594
 14741787771.54971
 14493818679.93355
 14250822992.94299
 14012698997.62404
 13779347101.66427
 13550669788.1506
 13326571571.32053
 13106958953.28421
 12891740381.69534
 12680826208.34942
 12474128648.6881
 12271561742.1893
 12073041313.62301
 11878484935.15307
 11687811889.26593
 11500943132.50772
 11317801260.01132
 11138310470.79566
 10962396533.81998
 10789986754.77577
 10621009943.60025
 10455396382.69476
 10293077795.83254
 10133987317.7403
 9978059464.338623
 9825230103.626234
 9675436427.194118
 9528616922.354982
 9384711344.874693
 9243660692.292131
 9105407177.814251
 8969894204.773823
 8837066341.637011
 8706869297.548916
 8579249898.404847
 8454156063.435852
 8331536782.29707
 8211342092.647744
 8093523058.212029
 7978031747.310001
 7864821211.848468
 7753845466.761423
 7645059469.890262
 7538419102.294048
 7433881148.980394
 7331403280.047657
 7230944032.229486
 7132462790.83285
 7035919772.060857
 6941276005.71208
 6848493318.247983
 6757534316.220503
 6668362370.051834
 6580941598.158813
 6495236851.414303
 6411213697.938229
 6328838408.211116
 6248077940.503124
 6168899926.61164
 6091272657.900746
 6015165071.636062
 5940546737.608469
 5867387845.040466
 5795659189.769089
 5725332161.699281
 5656378732.52202
 5588771443.691294
 5522483394.6545
 5457488231.330642
 5393760134.831118
 5331273810.417718
 5270004476.692851
 5209927855.016912
 5151020159.147925
 5093258085.098703
 5036618801.2068
 4981079938.412728
 4926619580.741933
 4873216255.986213
 4820848926.580194
 4769496980.668839
 4719140223.36174
 4669758868.170307
 4621333528.623892
 4573845210.061063
 4527275301.592224
 4481605568.22997
 4436818143.183621
 4392895520.314361
 4349820546.747631
 4307576415.639385
 4266146659.092968
 4225515141.223363
 4185666051.36574
 4146583897.425203
 4108253499.364711
 4070659982.828318
 4033788772.896796
 3997625587.972865
 3962156433.793263
 3927367597.565019
 3893245642.223236
 3859777400.807881
 3826949970.957007
 3794750709.514
 3763167227.24639
 3732187383.673957
 3701799282.003714
 3671991264.169609
 3642751905.97471
 3614070012.333697
 3585934612.613578
 3558334956.07054
 3531260507.380936
 3504700942.264429
 3478646143.197331
 3453086195.214276
 3428011381.796375
 3403412180.843992
 3379279260.732444
 3355603476.448817
 3332375865.80826
 3309587645.748031
 3287230208.697748
 3265295119.024147
 3243774109.548925
 3222659078.13801
 3201942084.360851
 3181615346.218233
 3161671236.937212
 3142102281.83174
 3122901155.227636
 3104060677.450548
 3085573811.875612
 3067433662.037505
 3049633468.799652
 3032166607.581345
 3015026585.641582
 2998207039.418432
 2981701731.92281
 2965504550.185459
 2949609502.756137
 2934010717.25384
 2918702437.967039
 2903679023.502901
 2888934944.484468
 2874464781.294802
 2860263221.867123
 2846325059.519996
 2832645190.836636
 2819218613.587404
 2806040424.694623
 2793105818.23881
 2780410083.505532
 2767948603.071948
 2755716850.932313
 2743710390.661595
 2731924873.616416
 2720356037.172575
 2708999702.998367
 2697851775.362989
 2686908239.479295
 2676165159.880197
 2665618678.828019
 2655265014.756133
 2645100460.742208
 2635121383.012416
 2625324219.475971
 2615705478.289374
 2606261736.449756
 2596989638.416711
 2587885894.762053
 2578947280.846908
 2570170635.525591
 2561552859.875714
 2553090915.953993
 2544781825.577214
 2536622669.127865
 2528610584.383912
 2520742765.372224
 2513016461.245187
 2505428975.179991
 2497977663.300171
 2490659933.618925
 2483473245.003751
 2476415106.161999
 2469483074.646892
 2462674755.883595
 2455987802.214938
 2449419911.966373
 2442968828.529796
 2436632339.465816
 2430408275.624151
 2424294510.281704
 2418288958.298027
 2412389575.287795
 2406594356.809926
 2400901337.573034
 2395308590.656873
 2389814226.749444
 2384416393.399448
 2379113274.283771
 2373903088.489717
 2368784089.811631
 2363754566.061715
 2358812838.394632
 2353957260.645737
 2349186218.68255
 2344498129.769293
 2339891441.944156
 2335364633.409088
 2330916211.931806
 2326544714.259839
 2322248705.546289
 2318026778.787144
 2313877554.269841
 2309799679.032913
 2305791826.336452
 2301852695.143187
 2297981009.609958
 2294175518.58938
 2290434995.141487
 2286758236.05515
 2283144061.379083
 2279591313.962232
 2276098859.003362
 2272665583.609653
 2269290396.36414
 2265972226.901777
 2262710025.494008
 2259502762.64162
 2256349428.675748
 2253249033.366843
 2250200605.541462
 2247203192.706708
 2244255860.682168
 2241357693.239206
 2238507791.747454
 2235705274.828362
 2232949278.015651
 2230238953.422558
 2227573469.415709
 2224952010.295483
 2222373775.982784
 2219837981.712023
 2217343857.730234
 2214890649.002189
 2212477614.921382
 2210104029.026779
 2207769178.725191
 2205472365.019202
 2203212902.240486
 2200990117.788452
 2198803351.874082
 2196651957.268865
 2194535299.058732
 2192452754.40287
 2190403712.297358
 2188387573.343466
 2186403749.520597
 2184451663.963713
 2182530750.745197
 2180640454.66105
 2178780231.021317
 2176949545.444701
 2175147873.657231
 2173374701.294939
 2171629523.710448
 2169911845.7834
 2168221181.73464
 2166557054.94409
 2164918997.772234
 2163306551.385139
 2161719265.582944
 2160156698.631751
 2158618417.098843
 2157103995.691165
 2155613017.097019
 2154145071.830862
 2152699758.081205
 2151276681.561514
 2149875455.364054
 2148495699.816631
 2147137042.342166
 2145799117.321049
 2144481565.956205
 2143184036.140835
 2141906182.32877
 2140647665.407388
 2139408152.573027
 2138187317.208883
 2136984838.765297
 2135800402.642411
 2134633700.075155
 2133484428.020472
 2132352289.046803
 2131236991.225719
 2130138248.02572
 2129055778.208099
 2127989305.72488
 2126938559.61876
 2125903273.92501
 2124883187.575331
 2123878044.303584
 2122887592.553383
 2121911585.38751
 2120949780.399098
 2120001939.624585
 2119067829.458354
 2118147220.569069
 2117239887.81765
 2116345610.176858
 2115464170.65246
 2114595356.205944
 2113738957.678757
 2112894769.718018
 2112062590.703694
 2111242222.677213
 2110433471.271471
 2109636145.642199
 2108850058.400706


